Training set (N=30), input variable
10    12    14    16    18    20    22    24    26    28    30    32    34    36    38    40    42    44    46    48    50    52    54    56    58    60    62    64    66    68
Training set, output/target variable
12.879       12.162       14.503       14.277       10.715       13.371        11.42       11.967       12.407       13.935       11.791       14.016       11.262        12.84       12.689       12.177       12.816       12.702       10.769       10.596       14.116       10.848       10.346       12.521       13.871       13.097       11.266       12.072       12.539       14.731

Test set (N=16), input variable
70    72    74    76    78    80    82    84    86    88    90    92    94    96    98   100
Test set, output/target variable
11.546       14.466       13.755       12.821       12.228       13.333       13.712       12.438       14.494       13.229       14.058       15.056       13.943       14.318       15.852       14.681

Parameters/coeffic. for increasing values of M=0,1,...,6
12.49
-0.0063835       12.739
0.0011843    -0.098762       14.186
5.9541e-05   -0.0057819      0.14085       11.904
3.2741e-06  -0.00045121     0.021584     -0.43995        15.88
6.5986e-08  -9.5933e-06   0.00048697   -0.0098985     0.037087       13.323
-3.7291e-09   9.3859e-07  -9.0148e-05    0.0042053    -0.099356       1.0868       8.6863