Inputs/Features X:
    0.0003
    0.0010
    0.0074
    0.0077
    0.0454
    0.0482
    0.0621
    0.0703
    0.0767
    0.0865
    0.0887
    0.0922
    0.1029
    0.1064
    0.1068
    0.1320
    0.1329
    0.1582
    0.1628
    0.1738
    0.1805
    0.1822
    0.1838
    0.1951
    0.2159
    0.2365
    0.2396
    0.2402
    0.2468
    0.2496
    0.2509
    0.2700
    0.2845
    0.2962
    0.2999
    0.3000
    0.3163
    0.3461
    0.3545
    0.3590
    0.3671
    0.3871
    0.3934
    0.3951
    0.3983
    0.3984
    0.4112
    0.4210
    0.4392
    0.4405
    0.4476
    0.4628
    0.4904
    0.4987
    0.5091
    0.5150
    0.5221
    0.5223
    0.5224
    0.5351
    0.5453
    0.5476
    0.5865
    0.5970
    0.6168
    0.6252
    0.6380
    0.6401
    0.6404
    0.6510
    0.6514
    0.6646
    0.6705
    0.6800
    0.7018
    0.7054
    0.7094
    0.7277
    0.7405
    0.7513
    0.7780
    0.7834
    0.7876
    0.8135
    0.8184
    0.8261
    0.8306
    0.8417
    0.8440
    0.9066
    0.9252
    0.9322
    0.9382
    0.9388
    0.9535
    0.9695
    0.9705
    0.9724
    0.9926
    0.9969
Target Y:
    0.4429
   -0.0997
    0.2850
    0.2317
    0.7133
   -0.0996
    0.3436
    0.3840
   -0.3134
    0.8003
    1.2778
    0.3809
    0.5891
    0.3826
    0.6393
    0.5701
    0.6594
    1.3490
    0.6386
    0.7826
    0.9654
    0.9556
    1.4337
    1.6492
    0.7715
    0.8453
    1.1861
    0.9141
    1.6078
    1.4920
    1.1650
    1.1024
    0.7867
    1.0880
    1.1894
    0.8934
    1.4057
    1.0121
    0.7732
    0.9137
    1.1215
    0.6239
    0.6932
    1.4231
    0.5542
    0.9795
    0.8689
    1.0317
    0.5638
   -0.3453
    0.0755
    0.3462
    0.0419
    0.4970
    0.2688
   -0.0339
   -0.1903
   -0.6808
    0.3426
   -0.2236
   -0.7593
   -0.1723
   -0.3950
   -0.6440
   -0.4354
   -0.8503
   -1.1298
   -1.2664
   -0.8515
   -1.0039
   -0.6865
   -1.3546
   -1.0001
   -1.4375
   -0.5115
   -1.0946
   -0.6955
   -0.9062
   -0.7551
   -1.3420
   -0.5301
   -0.4555
   -1.5029
   -0.8832
   -1.0210
   -0.7727
   -1.0723
   -0.7291
   -0.6327
   -0.5781
   -0.5584
   -0.8531
   -0.3978
   -0.5660
   -0.6604
   -0.1500
   -0.1875
   -0.0502
    0.3487
    0.2528
