0.0003
0.0010
0.0074
0.0077
0.0454
0.0482
0.0621
0.0703
0.0767
0.0865
0.0887
0.0922
0.1029
0.1064
0.1068
0.1320
0.1329
0.1582
0.1628
0.1738
0.1805
0.1822
0.1838
0.1951
0.2159
0.2365
0.2396
0.2402
0.2468
0.2496
0.2509
0.2700
0.2845
0.2962
0.2999
0.3000
0.3163
0.3461
0.3545
0.3590
0.3671
0.3871
0.3934
0.3951
0.3983
0.3984
0.4112
0.4210
0.4392
0.4405
0.4476
0.4628
0.4904
0.4987
0.5091
0.5150
0.5221
0.5223
0.5224
0.5351
0.5453
0.5476
0.5865
0.5970
0.6168
0.6252
0.6380
0.6401
0.6404
0.6510
0.6514
0.6646
0.6705
0.6800
0.7018
0.7054
0.7094
0.7277
0.7405
0.7513
0.7780
0.7834
0.7876
0.8135
0.8184
0.8261
0.8306
0.8417
0.8440
0.9066
0.9252
0.9322
0.9382
0.9388
0.9535
0.9695
0.9705
0.9724
0.9926
0.9969