0.4429
-0.0997
0.2850
0.2317
0.7133
-0.0996
0.3436
0.3840
-0.3134
0.8003
1.2778
0.3809
0.5891
0.3826
0.6393
0.5701
0.6594
1.3490
0.6386
0.7826
0.9654
0.9556
1.4337
1.6492
0.7715
0.8453
1.1861
0.9141
1.6078
1.4920
1.1650
1.1024
0.7867
1.0880
1.1894
0.8934
1.4057
1.0121
0.7732
0.9137
1.1215
0.6239
0.6932
1.4231
0.5542
0.9795
0.8689
1.0317
0.5638
-0.3453
0.0755
0.3462
0.0419
0.4970
0.2688
-0.0339
-0.1903
-0.6808
0.3426
-0.2236
-0.7593
-0.1723
-0.3950
-0.6440
-0.4354
-0.8503
-1.1298
-1.2664
-0.8515
-1.0039
-0.6865
-1.3546
-1.0001
-1.4375
-0.5115
-1.0946
-0.6955
-0.9062
-0.7551
-1.3420
-0.5301
-0.4555
-1.5029
-0.8832
-1.0210
-0.7727
-1.0723
-0.7291
-0.6327
-0.5781
-0.5584
-0.8531
-0.3978
-0.5660
-0.6604
-0.1500
-0.1875
-0.0502
0.3487
0.2528