11.167833 
17.894127 
18.764783 
20.933105 
17.196753 
13.791787 
22.479231 
24.840723 
22.642695 
-22.068765 
18.942269 
22.054248 
17.450858 
-19.237402 
16.376407 
24.272590 
15.796103 
-13.999473 
23.555143 
-11.513829 
15.077509 
-9.208638 
-13.205451 
23.454963 
-10.444772 
-6.970241 
11.878643 
24.446913 
14.954261 
17.086042 
10.623040 
17.518151 
10.432053 
-11.638021 
21.138326 
-11.855701 
15.282595 
17.803835 
21.908083 
21.929562 
24.110587 
21.162135 
-12.790885 
13.885737 
23.044021 
28.828403 
22.998498 
24.630675 
24.061793 
20.744663 
28.705894 
21.472915 
20.429776 
13.663776 
24.946455 
14.670964 
14.431730 
-26.530973 
20.657613 
13.662936 
15.546621 
15.263527 
17.921454 
14.388327 
21.568939 
-25.689722 
21.693498 
20.039491 
17.876890 
22.250350 
29.793045 
8.584629 
15.499567 
15.532333 
20.365280 
18.103601 
23.093279 
14.040656 
20.935181 
22.801555 
-17.382239 
14.166620 
15.226502 
24.877721 
17.249706 
-15.687280 
18.363904 
23.274115 
20.527099 
19.742659 
14.024623 
18.206877 
20.196825 
15.750406 
17.762438 
11.914528 
17.994869 
19.088159 
9.019092 
16.361518 
12.902526 
19.194638 
15.986795 
15.150306 
23.354857 
21.371397 
25.882739 
-13.654348 
20.264156 
14.067635 
28.765198 
26.464427 
21.350379 
24.367025 
14.115226 
29.440784 
15.941189 
6.004939 
11.293914 
18.469003 
22.359665 
18.175695 
17.878752 
16.542005 
17.253909 
17.915540 
13.500326 
12.280623 
-23.077325 
-10.324445 
13.784819 
10.221588 
16.106281 
13.222469 
17.313397 
18.922743 
22.994697 
14.853377 
20.687498 
21.635513 
18.756417 
13.520756 
-13.216374 
11.716324 
18.212117 
-14.553934 
15.666008 
12.464503 
16.614819 
15.688297 
-10.630189 
-11.710705 
-6.616417 
-16.028896 
-14.971336 
21.857190 
16.375350 
17.981295 
20.204223 
8.737479 
21.073527 
25.585825 
20.581974 
26.719678 
8.910934 
18.223892 
19.877173 
25.595312 
-15.437130 
16.680754 
14.904361 
18.200906 
-16.130310 
25.583429 
18.423305 
-8.274759 
16.359024 
-14.782192 
-9.810484 
17.978095 
-16.446707 
19.706752 
12.691005 
19.556127 
15.847018 
28.061598 
21.009627 
13.555080 
23.183580 
25.450959 
12.730314 
19.620943 
16.719785 
-12.983473 
-11.843713 
24.917324 
21.730112 
15.257059 
14.247561 
14.821233 
25.376090 
23.670493 
21.482525 
20.814218 
18.143563 
26.892847 
20.438486 
19.425820 
12.476322 
23.897392 
23.341876 
20.991923 
19.716832 
23.236596 
22.224821 
20.713010 
13.633601 
17.487851 
-16.454613 
24.879375 
21.367654 
15.368858 
23.310270 
17.686063 
11.408867 
29.323651 
21.158637 
17.585731 
21.892488 
12.949600 
24.080317 
-7.300939 
17.231004 
20.552405 
-18.547178 
17.525033 
20.284776 
10.263807 
28.856510 
11.104205 
10.089153 
24.283103 
14.376185 
21.004031 
-12.504660 
23.725312 
15.659883 
16.352528 
13.434427 
21.200705 
16.406780 
19.586304 
20.495994 
19.023921 
15.193215 
-5.288791 
21.502628 
11.564006 
16.764067 
11.718659 
17.379660 
25.772882 
-6.706534 
17.119065 
11.464224 
-13.355355 
20.840659 
-8.162780 
14.526045 
-21.787139 
21.965563 
21.540909 
17.717826 
18.177444 
-21.173228 
14.533757 
27.973505 
18.653110 
-14.067136 
-8.829946 
16.962670 
13.352858 
-22.285315 
17.843974 
13.157907 
16.557545 
14.076513 
-25.328381 
19.190982 
-16.385462 
19.850148 
14.166353 
13.907933 
17.273889 
21.009054 
21.422967 
22.426358 
20.425449 
25.584193 
17.520996 
20.512703 
-18.844562 
14.075242 
20.200107 
25.440689 
23.314947 
15.862054 
5.296125 
14.949823 
22.831757 
25.607311 
15.824851 
18.330918 
26.870288 
-16.110721 
21.670588 
22.565835 
-17.663566 
11.874878 
24.770063 
14.454467 
11.934297 
22.163270 
25.756611 
18.565033 
13.470055 
23.631517 
23.839796 
20.617191 
17.993913 
14.740472 
19.135857 
12.694835 
14.168045 
14.112045 
12.282453 
23.719828 
13.526312 
-15.838317 
20.731662 
-4.807240 
28.536794 
20.256950 
16.866193 
22.552978 
23.022485 
12.741243 
17.877021 
17.438117 
26.503662 
20.345850 
19.801821 
22.275466 
20.452669 
16.794480 
16.689482 
18.673813 
19.245307 
-12.460513 
13.042176 
19.739862 
22.041643 
15.741683 
21.819168 
23.422881 
19.984684 
-16.825339 
-19.674938 
29.821964 
8.727496 
22.955865 
22.954255 
21.507177 
12.618889 
20.288119 
26.054110 
20.302607 
20.503211 
16.662592 
12.669788 
14.182191 
19.356436 
18.860291 
20.294463 
11.032629 
22.010646 
24.109868 
-16.132681 
29.920619 
17.885018 
13.603224 
20.411846 
18.723000 
13.897770 
16.475863 
14.291638 
28.177237 
9.640732 
17.307995 
19.461541 
-27.963198 
-37.975539 
-31.755308 
-32.674085 
-29.641832 
-19.939359 
-29.829443 
-39.012134 
-24.769543 
-25.167576 
-34.911596 
-22.341067 
-29.618476 
-38.170828 
-35.731037 
-33.830639 
-31.629401 
-41.720988 
-15.433957 
-30.818860 
-25.819377 
-26.488533 
-32.301779 
-23.713910 
-19.307736 
-39.540688 
-30.809334 
-21.669604 
-29.087017 
-29.192604 
-14.989124 
-36.333482 
-31.993904 
-30.332260 
-32.340194 
-32.542082 
-25.974098 
-31.403825 
-23.719782 
-23.569365 
-37.400303 
-27.923477 
-21.959478 
-15.317622 
-24.154167 
-35.333452 
-26.610861 
-23.996114 
-25.949929 
22.960165 
-33.742080 
-23.276937 
-35.854117 
-9.614377 
-6.770333 
-33.520941 
-46.923752 
-30.413192 
-32.100651 
-32.276110 
-33.022656 
-35.468666 
-34.194838 
-33.258175 
-23.054704 
-34.856869 
-43.195132 
-14.135041 
-23.629066 
-34.598412 
-20.431205 
-26.823088 
-31.591688 
-24.031782 
-22.189687 
24.089711 
-29.987333 
-27.200580 
-36.079216 
18.208700 
-35.076933 
-28.430284 
-25.034988 
-24.805565 
-26.621032 
-31.029098 
-26.256976 
-30.820591 
-29.884265 
-23.090270 
-24.950328 
-30.383695 
-54.298393 
-3.991182 
-24.060786 
-23.652793 
-28.052629 
-22.785755 
-31.246423 
-30.875576 
-23.104482 
-35.114403 
-32.078767 
-27.535978 
-14.088610 
-28.929750 
-33.743004 
-23.257224 
-22.033336 
-28.422761 
-74.908377 
-25.236782 
-32.396452 
27.686912 
-25.869545 
-14.795089 
9.083361 
-30.023101 
-39.209520 
-44.720946 
-5.357218 
-24.512746 
51.342011 
-33.461261 
-24.089508 
-3.091908 
-55.532499 
-29.462732 
-11.705834 
-39.441069 
-17.157456 
-26.322272 
-9.523630 
-18.743636 
-30.759714 
30.868558 
-32.139559 
-38.304042 
-33.241639 
-25.744399 
16.292547 
-36.214409 
-47.748135 
-21.648380 
-32.262591 
-23.191429 
11.553124 
-30.877011 
-31.939916 
-27.433141 
-30.971103 
-25.178148 
-23.135884 
-18.082256 
-36.721394 
-11.391241 
-19.260428 
-3.501183 
-35.980188 
-27.815753 
-30.800565 
28.611081 
-21.886683 
31.584706 
-5.105153 
-31.662303 
-35.974226 
-31.113493 
-40.530954 
-26.199425 
-26.827656 
-17.551339 
-22.506763 
-21.351390 
-43.908298 
-35.941695 
-9.914336 
-40.479244 
-22.083792 
-30.639852 
-39.985753 
-16.701450 
-28.208275 
-24.299785 
-33.108093 
11.112326 
-25.744738 
-25.276574 
-29.893696 
-24.816115 
-16.887774 
-28.477125 
-27.986515 
-24.395557 
-34.391131 
-18.693550 
-32.317542 
-28.641421 
-25.908320 
-34.430140 
-32.302535 
29.873213 
-34.925443 
-26.190264 
-24.759398 
-23.328533 
-32.481382 
-25.245621 
-33.677982 
-30.683431 
-28.681706 
-27.941707 
-18.253391 
-27.204749 
-37.879687 
-24.697836 
-30.418289 
-25.502626 
-25.923156 
-17.712960 
1.685661 
-31.708555 
-74.908377 
2.717951 
-32.045717 
15.526649 
-33.610063 
-16.195714 
-30.418550 
-35.172778 
-29.536222 
-26.820267 
-31.202919 
-29.702131 
-29.515079 
-32.726881 
-29.015129 
-32.342123 
-34.031220 
31.268954 
-30.243966 
-23.466228 
-34.968862 
-16.185668 
-29.781843 
-52.299397 
-18.692939 
-26.866263 
-28.027928 
-50.631982 
-32.403884 
-1.161568 
-16.579060 
-25.635117 
-30.237221 
-26.144989 
13.599269 
28.097894 
-25.637408 
-0.024245 
-31.195254 
-36.127379 
-21.421290 
-24.600155 
-28.188810 
-18.543661 
-31.320613 
-22.707524 
-42.738761 
-46.816577 
-36.528035 
69.114286 
-29.409566 
-31.306002 
-23.175289 
-24.357323 
-33.415639 
-41.723332 
-12.450816 
2.129652 
-25.720339 
-33.530289 
-30.386894 
-29.614080 
-16.365360 
-14.748575 
-29.645191 
-32.655319 
-19.553715 
-32.392716 
-34.395229 
13.223052 
-24.455018 
-24.667238 
-21.763592 
37.560052 
-26.330001 
-28.390851 
-22.960454 
-25.763211 
-32.283128 
-29.110098 
-34.496050 
-34.580225 
-27.350863 
-32.689054 
-35.997444 
8.134723 
-41.997414 
-35.416012 
-30.970621 
-34.952531 
-23.050566 
-35.549408 
-19.510810 
-31.401682 
-35.401416 
-25.748943 
-38.867954 
-37.299186 
-22.722259 
-26.019127 
-33.990899 
7.129321 
-28.915629 
-15.784086 
-34.545692 
-24.590229 
-74.908377 
-39.709746 
-21.162918 
-23.274518 
-23.097708 
-0.372377 
-19.330982 
-30.850385 
-26.372279 
42.284603 
-28.640838 
-35.100194 
-35.111381 
-19.009049 
11.779999 
-13.285465 
-38.400230 
-27.883231 
-22.053746 
-28.511119 
-40.373556 
23.446662 
24.011939 
-30.927154 
-29.000834 
-32.589289 
-51.780682 
-37.387677 
-27.137264 
-37.429243 
-35.874815 
18.194138 
-20.979959 
-31.037599 
-28.534192 
-30.991398 
-21.944663 
-63.059421 
-37.962687 
-27.092101 
-30.321455 
-31.846000 
-40.230411 
-15.277825 
-24.848178 
-27.293524 
-26.470573 
-35.131467 
-29.963601 
-22.272196 
-29.066818 
-28.782404 
-24.416121 
26.551982 
-33.042108 
-32.104656 
-23.593958 
-13.797628 
-25.829978 
-30.396172 
-25.970989 
-20.714442 
-20.317543 
-29.021971 
-40.960122 
-25.181471 
-26.217480 
5.468472 
-9.391433 
-22.143320 
-34.612980 
-74.908377 
-37.926128 
-33.215102 
-37.169912 
-22.585041 
-22.219995 
-30.126586 
-52.744980 
-29.589967 
-29.355888 
-31.268612 
-34.285930 
-30.071369 
-12.715118 
-34.691681 
-27.854994 
-27.919289 
-74.908377 
-24.906564 
-24.073410 
-5.598166 
-27.777325 
-32.263911 
-10.227999 
-30.318885 
-29.927275 
-14.790048 
-32.860223 
-22.212955 
-25.538925 
-29.108795 
-26.214829 
-35.909221 
-25.334056 
-24.093178 
-39.266873 
-30.946177 
-27.967259 
-28.261553 
-29.108819 
13.871730 
-24.963780 
-25.925660 
-34.062220 
-33.805594 
25.642112 
-55.309912 
-6.807112 
-37.284633 
-32.990970 
-24.803390 
-32.017070 
27.927679 
46.305302 
-27.433626 
-34.802526 
-30.192656 
-34.861968 
-27.130901 
-21.251863 
-32.257037 
-37.736130 
-26.643380 
18.059749 
-38.216393 
28.713538 
-23.566563 
-37.921147 
-19.958586 
-27.001492 
-30.155715 
-37.986827 
-29.455218 
-21.945936 
-74.908377 
-20.004368 
-30.198158 
-14.934607 
-1.931796 
-24.103765 
-23.674598 
24.436546 
-18.583627 
-36.355511 
-44.846386 
-26.857273 
-54.395067 
-30.082541 
-42.367760 
-35.812576 
12.075082 
-21.335599 
-30.222352 
-32.213589 
-23.161802 
-15.604764 
-9.333392 
-24.148532 
-20.667123 
-34.687890 
-36.479988 
-23.517999 
-22.794859 
-21.272767 
-30.851980 
-18.402994 
-22.226275 
-29.313491 
-32.648029 
-25.984627 
-24.345969 
-29.397572 
-30.138536 
-35.313651 
-33.711397 
-27.885148 
-33.827821 
-20.573935 
-26.435475 
-29.350895 
-24.828928 
-34.454464 
-36.599313 
-29.257504 
-21.311634 
-23.371710 
28.629892 
-21.698817 
-39.589860 
-26.150265 
-34.578053 
-30.898877 
-26.687496 
28.824552 
-26.464306 
-25.178300 
-21.287332 
-74.908377 
-26.829879 
-17.158819 
-31.377093 
-32.061801 
-19.367861 
-74.908377 
-32.794744 
-16.133304 
-21.844019 
-26.446605 
-44.350970 
-37.314281 
-32.178625 
-24.876084 
-35.613686 
-23.571677 
-18.129133 
-28.527865 
-29.873686 
-16.926492 
-26.188134 
-28.702968 
-14.359372 
-28.106221 
-39.944508 
-18.052753 
-32.059843 
28.411780 
-36.819963 
2.860466 
20.848384 
-38.822025 
-28.998634 
-18.924644 
-31.212216 
-31.102431 
0.770751 
-29.068942 
-40.049456 
-22.828156 
6.518774 
-32.278439 
12.616907 
15.231314 
-26.499098 
-18.775404 
-32.758092 
-22.170473 
-18.745632 
-24.933142 
-35.897380 
-39.094165 
-28.338559 
-23.189097 
25.048210 
-16.933550 
-42.117716 
-29.534566 
-45.115233 
28.599387 
-22.916021 
31.080827 
-31.998521 
-36.365915 
-30.175001 
-4.898942 
-55.818055 
-25.469472 
-18.518670 
-36.829981 
-29.843186 
-20.335605 
-32.847384 
-25.019559 
-24.482384 
-41.411630 
-28.015723 
-26.643012 
-43.201595 
-36.139385 
-36.511326 
-41.888621 
-27.960011 
-26.352803 
-28.928982 
-30.670368 
-27.467350 
-33.397097 
-22.047335 
-27.109268 
64.979109 
-5.875399 
45.726460 
-2.663333 
-24.299397 
-29.266655 
27.306361 
-24.067755 
-23.812038 
-33.468617 
-30.036520 
-29.338768 
5.688207 
-14.962421 
-18.977030 
-27.838460 
-28.411955 
-17.764686 
-30.684081 
13.390221 
34.089580 
-33.966949 
-24.615324 
-36.078978 
-42.625663 
-0.852119 
-38.148274 
-27.430548 
-28.117187 
-25.503869 
2.360619 
-27.669240 
-20.000101 
-19.881650 
-15.548757 
-31.069005 
-19.143957 
27.953292 
8.988199 
-21.181107 
-32.043192 
-49.614277 
-33.362873 
-25.523464 
-32.732809 
-28.836084 
-16.408276 
-24.997909 
-31.520193 
-40.424775 
-35.047202 
-22.154292 
-28.136423 
-28.922084 
-17.946888 
-24.185151 
-24.809366 
-20.945417 
-29.617394 
30.375865 
-31.688270 
-35.714791 
-22.919411 
-24.294211 
-7.124432 
-29.199739 
-32.299359 
39.171903 
-30.168481 
-34.763326 
0.842054 
-32.675979 
-31.998334 
-23.853414 
-32.391835 
-30.988814 
-25.021941 
-30.547544 
-30.409193 
-14.215948 
-27.427281 
3.813742 
-27.277760 
-31.397840 
-14.037754 
-35.438098 
-35.436366 
59.214107 
-30.675540 
-39.160468 
-20.963222 
-25.181740 
-25.098467 
-74.825126 
-29.623450 
-51.130128 
-18.793608 
-34.795994 
-34.253188 
-74.908377 
-19.997793 
-34.011636 
-22.453641 
-22.754692 
10.663497 
-30.265719 
-29.888557 
-20.581897 
-34.446364 
-33.135967 
-9.152547 
9.688573 
-23.005219 
-33.470976 
-23.373594 
-21.184785 
-29.815458 
-47.914443 
-32.920706 
-23.141006 
27.556180 
-15.434414 
-19.197606 
-26.936173 
-23.490355 
-39.861205 
-25.890170 
-22.881553 
-26.406117 
-32.146557 
4.401055 
33.743595 
-37.429566 
-22.250218 
53.252559 
-17.943651 
-18.313917 
-32.351265 
-34.337608 
-28.232865 
-5.466009 
-24.195454 
-27.313183 
-31.029381 
-27.054155 
-34.092616 
-23.734867 
9.693054 
26.095143 
-27.259342 
-35.780375 
-28.658133 
-28.467603 
-50.275805 
-24.237058 
-26.844310 
-33.014074 
-34.508456 
-0.298995 
-12.801767 
-25.213271 
-35.640768 
-74.908377 
-23.807696 
-36.650191 
-31.177133 
-45.147744 
-33.079920 
-22.083146 
-15.146363 
-30.641534 
-23.751195 
-34.741952 
-7.139768 
-6.603793 
-19.251157 
-30.052784 
-27.660532 
-33.428215 
25.274973 
-25.123813 
-29.164776 
-11.012599 
-16.476601 
27.551642 
-34.745802 
-22.399868 
-26.328438 
-27.843697 
-50.450640 
28.119734 
-23.000178 
-38.172060 
-42.577396 
-21.758261 
-29.282142 
-35.406409 
-29.310992 
-27.277852 
-12.659175 
1.959501 
28.078342 
-38.867463 
-21.733888 
27.658981 
-37.094881 
30.778020 
10.859062 
-10.351268 
27.426979 
-28.864933 
-31.414811 
-44.821111 
3.955918 
-38.567448 
-55.569112 
-27.795965 
-38.584647 
-14.558232 
-20.663362 
-28.027320 
12.656322 
-31.207906 
-30.229474 
-66.656720 
-33.241281 
-42.427972 
-38.090699 
-23.863566 
-14.284277 
-28.965487 
-45.151680 
-30.209981 
-25.876073 
-27.445507 
19.921048 
-37.001786 
-37.966106 
-33.782447 
-35.370058 
-24.777414 
-16.931971 
-24.343892 
-20.171915 
-15.999939 
-17.268431 
-39.587229 
-30.938659 
-26.741161 
-34.077514 
-37.057373 
-37.864564 
-17.959180 
-15.610653 
-27.968000 
-27.298412 
-36.480814 
-30.596380 
-42.280616 
17.991844 
-28.874769 
38.003525 
-24.937554 
-22.953109 
-16.180834 
-18.668779 
-1.406349 
-25.543839 
-36.260752 
-1.971340 
-17.280375 
-26.506850 
-37.931188 
-32.125490 
-32.584108 
-21.302820 
-40.537068 
-44.561337 
-36.304578 
-31.612395 
-28.602565 
-29.755695 
-40.844322 
-32.901803 
-23.572714 
-11.539972 
-35.785581 
-22.006249 
-52.701926 
-19.762097 
-36.484689 
-41.145569 
-31.053476 
-21.591986 
-32.992840 
-30.246544 
-32.427357 
-11.971675 
-38.611978 
-27.696276 
-18.511462 
-26.939781 
-33.480799 
-30.182231 
-49.334890 
-32.377905 
-15.200891 
-27.111835 
-32.933774 
-12.873386 
-35.086791 
-35.643664 
-34.497672 
-29.949028 
-36.133725 
-23.100406 
-28.292087 
49.650531 
-29.409677 
-27.312986 
-37.843552 
-28.010994 
-38.173942 
-27.716056 
-29.108650 
-30.501243 
-36.134279 
-21.644448 
-26.594781 
-35.640768 
-26.532611 
-22.442754 
-26.188822 
30.488621 
-74.908377 
-20.330827 
-43.469174 
-41.660170 
-32.821431 
-51.791694 
-33.070142 
-26.822351 
-29.045557 
-31.255114 
-30.238968 
-15.048427 
-26.926914 
-53.985565 
-1.507431 
-17.319645 
-23.404970 
-20.675400 
-30.777268 
-25.256241 
-30.239766 
-38.856833 
-25.442380 
-35.857039 
27.810749 
-39.204474 
-39.188200 
-21.396447 
-26.343189 
-43.839275 
-19.039721 
-37.250468 
10.561461 
12.496923 
-22.540256 
-19.431557 
-20.055904 
11.576639 
-20.748161 
