0.999944 
1.000000 
1.000000 
1.000000 
1.000000 
1.000000 
1.000000 
1.000000 
1.000000 
0.000000 
1.000000 
1.000000 
1.000000 
0.000000 
1.000000 
1.000000 
1.000000 
1.000000 
1.000000 
0.994702 
1.000000 
0.999970 
0.731114 
1.000000 
0.999557 
1.000000 
0.999566 
1.000000 
1.000000 
1.000000 
0.999753 
1.000000 
0.999589 
0.992873 
1.000000 
0.987978 
1.000000 
1.000000 
1.000000 
1.000000 
1.000000 
1.000000 
0.882647 
1.000000 
1.000000 
1.000000 
1.000000 
1.000000 
1.000000 
1.000000 
1.000000 
1.000000 
1.000000 
1.000000 
1.000000 
1.000000 
1.000000 
0.000000 
1.000000 
1.000000 
1.000000 
1.000000 
1.000000 
1.000000 
1.000000 
0.000000 
1.000000 
1.000000 
1.000000 
1.000000 
1.000000 
0.963931 
1.000000 
1.000000 
1.000000 
1.000000 
1.000000 
1.000000 
1.000000 
1.000000 
0.000016 
1.000000 
1.000000 
1.000000 
1.000000 
0.002793 
1.000000 
1.000000 
1.000000 
1.000000 
1.000000 
1.000000 
1.000000 
1.000000 
1.000000 
1.000000 
1.000000 
1.000000 
0.986318 
1.000000 
0.840545 
1.000000 
1.000000 
1.000000 
1.000000 
1.000000 
1.000000 
0.453829 
1.000000 
1.000000 
1.000000 
1.000000 
1.000000 
1.000000 
1.000000 
1.000000 
1.000000 
1.000000 
0.999961 
1.000000 
1.000000 
1.000000 
1.000000 
1.000000 
1.000000 
1.000000 
1.000000 
0.999998 
0.000000 
0.999615 
1.000000 
0.999304 
1.000000 
1.000000 
1.000000 
1.000000 
1.000000 
1.000000 
1.000000 
1.000000 
1.000000 
1.000000 
0.725466 
0.999354 
1.000000 
0.066681 
1.000000 
0.999999 
1.000000 
1.000000 
0.999326 
0.000000 
1.000000 
0.001020 
0.021614 
1.000000 
1.000000 
1.000000 
1.000000 
0.974164 
1.000000 
1.000000 
1.000000 
1.000000 
0.982482 
1.000000 
1.000000 
1.000000 
0.005773 
1.000000 
1.000000 
1.000000 
0.000754 
1.000000 
1.000000 
1.000000 
1.000000 
0.036337 
0.999891 
1.000000 
0.000291 
1.000000 
0.999999 
1.000000 
1.000000 
1.000000 
1.000000 
1.000000 
1.000000 
1.000000 
0.999999 
1.000000 
1.000000 
0.824136 
0.988321 
1.000000 
1.000000 
1.000000 
1.000000 
1.000000 
1.000000 
1.000000 
1.000000 
1.000000 
1.000000 
1.000000 
1.000000 
1.000000 
0.999999 
1.000000 
1.000000 
1.000000 
1.000000 
1.000000 
1.000000 
1.000000 
1.000000 
1.000000 
0.000284 
1.000000 
1.000000 
1.000000 
1.000000 
1.000000 
0.999971 
1.000000 
1.000000 
1.000000 
1.000000 
1.000000 
1.000000 
1.000000 
1.000000 
1.000000 
0.000000 
1.000000 
1.000000 
0.330499 
1.000000 
0.999933 
0.998996 
1.000000 
1.000000 
1.000000 
0.942636 
1.000000 
1.000000 
1.000000 
1.000000 
1.000000 
1.000000 
1.000000 
1.000000 
1.000000 
1.000000 
1.000000 
1.000000 
0.999982 
1.000000 
0.999988 
1.000000 
1.000000 
1.000000 
1.000000 
0.999976 
0.647319 
1.000000 
0.999996 
1.000000 
0.000000 
1.000000 
1.000000 
1.000000 
1.000000 
0.000000 
1.000000 
1.000000 
1.000000 
0.214471 
0.999986 
1.000000 
1.000000 
0.000000 
1.000000 
1.000000 
1.000000 
1.000000 
0.000000 
1.000000 
0.000351 
1.000000 
1.000000 
1.000000 
1.000000 
1.000000 
1.000000 
1.000000 
1.000000 
1.000000 
1.000000 
1.000000 
0.000006 
1.000000 
1.000000 
1.000000 
1.000000 
1.000000 
0.056133 
1.000000 
1.000000 
1.000000 
1.000000 
1.000000 
1.000000 
1.000000 
1.000000 
1.000000 
0.999999 
0.999992 
1.000000 
1.000000 
0.999994 
1.000000 
1.000000 
1.000000 
1.000000 
1.000000 
1.000000 
1.000000 
1.000000 
1.000000 
1.000000 
0.999970 
1.000000 
1.000000 
0.999998 
1.000000 
1.000000 
0.001793 
1.000000 
1.000000 
1.000000 
1.000000 
1.000000 
1.000000 
1.000000 
0.999999 
1.000000 
1.000000 
1.000000 
1.000000 
1.000000 
1.000000 
1.000000 
1.000000 
1.000000 
1.000000 
1.000000 
0.998769 
1.000000 
1.000000 
1.000000 
1.000000 
1.000000 
1.000000 
1.000000 
0.000092 
0.000000 
1.000000 
0.413902 
1.000000 
1.000000 
1.000000 
0.999999 
1.000000 
1.000000 
1.000000 
1.000000 
1.000000 
0.999999 
1.000000 
1.000000 
1.000000 
1.000000 
0.010385 
1.000000 
1.000000 
0.000749 
1.000000 
1.000000 
1.000000 
1.000000 
1.000000 
1.000000 
1.000000 
1.000000 
1.000000 
0.996896 
1.000000 
1.000000 
0.000000 
0.000000 
0.000000 
0.000000 
0.000000 
0.000000 
0.000000 
0.000000 
0.000000 
0.000000 
0.000000 
0.000000 
0.000000 
0.000000 
0.000000 
0.000000 
0.000000 
0.000000 
0.005826 
0.000000 
0.000000 
0.000000 
0.000000 
0.000000 
0.000000 
0.000000 
0.000000 
0.000000 
0.000000 
0.000000 
0.020571 
0.000000 
0.000000 
0.000000 
0.000000 
0.000000 
0.000000 
0.000000 
0.000000 
0.000000 
0.000000 
0.000000 
0.000000 
0.008136 
0.000000 
0.000000 
0.000000 
0.000000 
0.000000 
1.000000 
0.000000 
0.000000 
0.000000 
0.772373 
0.017891 
0.000000 
0.000000 
0.000000 
0.000000 
0.000000 
0.000000 
0.000000 
0.000000 
0.000000 
0.000000 
0.000000 
0.000000 
0.184920 
0.000000 
0.000000 
0.000000 
0.000000 
0.000000 
0.000000 
0.000000 
1.000000 
0.000000 
0.000000 
0.000000 
1.000000 
0.000000 
0.000000 
0.000000 
0.000000 
0.000000 
0.000000 
0.000000 
0.000000 
0.000000 
0.000000 
0.000000 
0.000000 
0.000000 
0.000000 
0.000000 
0.000000 
0.000000 
0.000000 
0.000000 
0.000000 
0.000000 
0.000000 
0.000000 
0.000000 
0.204781 
0.000000 
0.000000 
0.000000 
0.000000 
0.000000 
0.000000 
0.000000 
0.000000 
1.000000 
0.000000 
0.035086 
0.988216 
0.000000 
0.000000 
0.000000 
1.000000 
0.000000 
1.000000 
0.000000 
0.000000 
1.000000 
0.000000 
0.000000 
0.991616 
0.000000 
0.000033 
0.000000 
0.678653 
0.000000 
0.000000 
1.000000 
0.000000 
0.000000 
0.000000 
0.000000 
1.000000 
0.000000 
0.000000 
0.000000 
0.000000 
0.000000 
0.999981 
0.000000 
0.000000 
0.000000 
0.000000 
0.000000 
0.000000 
0.000002 
0.000000 
0.996041 
0.000000 
1.000000 
0.000000 
0.000000 
0.000000 
1.000000 
0.000000 
1.000000 
1.000000 
0.000000 
0.000000 
0.000000 
0.000000 
0.000000 
0.000000 
0.000010 
0.000000 
0.000000 
0.000000 
0.000000 
0.999864 
0.000000 
0.000000 
0.000000 
0.000000 
0.000134 
0.000000 
0.000000 
0.000000 
0.999945 
0.000000 
0.000000 
0.000000 
0.000000 
0.000076 
0.000000 
0.000000 
0.000000 
0.000000 
0.000000 
0.000000 
0.000000 
0.000000 
0.000000 
0.000000 
1.000000 
0.000000 
0.000000 
0.000000 
0.000000 
0.000000 
0.000000 
0.000000 
0.000000 
0.000000 
0.000000 
0.000001 
0.000000 
0.000000 
0.000000 
0.000000 
0.000000 
0.000000 
0.000006 
0.000000 
0.000000 
0.000000 
0.002792 
0.000000 
1.000000 
0.000000 
0.000620 
0.000000 
0.000000 
0.000000 
0.000000 
0.000000 
0.000000 
0.000000 
0.000000 
0.000000 
0.000000 
0.000000 
1.000000 
0.000000 
0.000000 
0.000000 
0.000639 
0.000000 
0.000000 
0.000000 
0.000000 
0.000000 
0.000000 
0.000000 
0.000000 
0.000195 
0.000000 
0.000000 
0.000000 
1.000000 
1.000000 
0.000000 
1.000000 
0.000000 
0.000000 
0.000000 
0.000000 
0.000000 
0.000000 
0.000000 
0.000000 
0.000000 
0.000000 
0.000000 
1.000000 
0.000000 
0.000000 
0.000000 
0.000000 
0.000000 
0.000000 
0.999474 
0.001756 
0.000000 
0.000000 
0.000000 
0.000000 
1.000000 
0.039796 
0.000000 
0.000000 
0.000000 
0.000000 
0.000000 
0.999995 
0.000000 
0.000000 
0.000000 
1.000000 
0.000000 
0.000000 
0.000000 
0.000000 
0.000000 
0.000000 
0.000000 
0.000000 
0.000000 
0.000000 
0.000000 
0.914665 
0.000000 
0.000000 
0.000000 
0.000000 
0.000000 
0.000000 
0.000000 
0.000000 
0.000000 
0.000000 
0.000000 
0.000000 
0.000000 
0.000000 
0.000000 
0.000000 
0.000000 
0.002103 
0.000000 
0.000000 
0.000000 
0.000000 
0.000000 
0.000000 
0.000000 
0.000000 
0.000000 
0.000000 
0.000000 
1.000000 
0.000000 
0.000000 
0.000000 
0.000000 
0.999991 
0.688018 
0.000000 
0.000000 
0.000000 
0.000000 
0.000000 
1.000000 
0.999907 
0.000000 
0.000000 
0.000000 
0.000000 
0.000000 
0.000000 
0.000000 
0.000000 
1.000000 
0.000000 
0.000000 
0.000000 
0.000000 
0.000000 
0.000000 
0.000000 
0.000000 
0.000000 
0.000000 
0.000000 
0.009115 
0.000000 
0.000000 
0.000000 
0.000000 
0.000000 
0.000000 
0.000000 
0.000000 
0.000000 
1.000000 
0.000000 
0.000000 
0.000000 
0.361456 
0.000000 
0.000000 
0.000000 
0.000000 
0.000000 
0.000000 
0.000000 
0.000000 
0.000000 
0.073907 
0.000000 
0.000000 
0.000000 
0.000000 
0.000000 
0.000000 
0.000000 
0.000000 
0.000000 
0.000000 
0.000000 
0.000000 
0.000000 
0.000000 
0.000000 
0.000000 
0.000000 
0.000000 
0.000000 
0.000000 
0.000000 
0.000000 
0.000000 
1.000000 
0.000000 
0.000000 
0.999728 
0.000000 
0.000000 
0.035570 
0.000000 
0.000000 
0.000000 
0.000000 
0.000000 
0.000000 
0.000000 
0.000000 
0.000000 
0.000000 
0.000000 
0.000000 
0.000000 
1.000000 
0.000000 
0.000000 
0.000000 
0.000000 
1.000000 
0.000000 
1.000000 
0.000000 
0.000000 
0.000000 
0.000000 
1.000000 
1.000000 
0.000000 
0.000000 
0.000000 
0.000000 
0.000000 
0.000000 
0.000000 
0.000000 
0.000000 
1.000000 
0.000000 
1.000000 
0.000000 
0.000000 
0.000000 
0.000000 
0.000000 
0.000000 
0.000000 
0.000000 
0.000000 
0.000000 
0.000000 
0.023930 
0.000000 
0.000000 
0.000000 
1.000000 
0.000000 
0.000000 
0.000000 
0.000000 
0.000000 
0.000000 
0.000000 
0.000000 
0.999996 
0.000000 
0.000000 
0.000000 
0.000000 
0.003553 
0.999961 
0.000000 
0.000000 
0.000000 
0.000000 
0.000000 
0.000000 
0.000000 
0.000000 
0.000001 
0.000000 
0.000000 
0.000000 
0.000000 
0.000000 
0.000000 
0.000000 
0.000000 
0.000000 
0.000000 
0.000000 
0.000000 
0.000000 
0.000000 
0.000000 
0.000000 
0.000000 
0.000000 
0.000000 
0.000000 
1.000000 
0.000000 
0.000000 
0.000000 
0.000000 
0.000000 
0.000000 
1.000000 
0.000000 
0.000000 
0.000000 
0.000000 
0.000000 
0.000000 
0.000000 
0.000000 
0.000000 
0.000000 
0.000000 
0.000748 
0.000000 
0.000000 
0.000000 
0.000000 
0.000000 
0.000000 
0.000000 
0.000000 
0.000001 
0.000000 
0.000000 
0.000067 
0.000000 
0.000000 
0.109161 
0.000000 
0.000000 
0.000002 
0.000000 
1.000000 
0.000000 
0.000000 
1.000000 
0.000000 
0.000000 
0.000000 
0.000000 
0.000000 
0.000764 
0.000000 
0.000000 
0.000000 
0.301388 
0.000000 
0.999999 
1.000000 
0.000000 
0.000000 
0.000000 
0.000000 
0.000000 
0.000000 
0.000000 
0.000000 
0.000000 
0.000000 
1.000000 
0.000066 
0.000000 
0.000000 
0.000000 
1.000000 
0.000000 
1.000000 
0.000000 
0.000000 
0.000000 
0.000000 
0.000000 
0.000000 
0.000000 
0.000000 
0.000000 
0.000000 
0.000000 
0.000000 
0.000000 
0.000000 
0.000000 
0.000000 
0.000000 
0.000000 
0.000000 
0.000000 
0.000000 
0.000000 
0.000000 
0.000000 
0.000000 
0.000000 
0.000000 
0.000000 
1.000000 
1.000000 
1.000000 
0.000643 
0.000000 
0.000000 
1.000000 
0.000000 
0.000000 
0.000000 
0.000000 
0.000000 
0.098177 
0.022155 
0.000002 
0.000000 
0.000000 
0.000005 
0.000000 
1.000000 
1.000000 
0.000000 
0.000000 
0.000000 
0.000000 
0.000000 
0.000000 
0.000000 
0.000000 
0.000000 
0.002090 
0.000000 
0.000000 
0.000000 
0.004180 
0.000000 
0.000000 
1.000000 
0.000000 
0.000000 
0.000000 
0.000000 
0.000000 
0.000000 
0.000000 
0.000000 
0.000327 
0.000000 
0.000000 
0.000000 
0.000000 
0.000000 
0.000000 
0.000000 
0.000003 
0.000000 
0.000000 
0.000000 
0.000000 
1.000000 
0.000000 
0.000000 
0.000000 
0.000000 
0.000000 
0.000000 
0.000000 
1.000000 
0.000000 
0.000000 
0.000789 
0.000000 
0.000000 
0.000000 
0.000000 
0.000000 
0.000000 
0.000000 
0.000000 
0.153842 
0.000000 
1.000000 
0.000000 
0.000000 
0.228247 
0.000000 
0.000000 
1.000000 
0.000000 
0.000000 
0.000000 
0.000000 
0.000000 
0.000000 
0.000000 
0.000000 
0.000000 
0.000000 
0.000000 
0.000000 
0.000000 
0.000000 
0.000000 
0.000000 
1.000000 
0.000000 
0.000000 
0.000000 
0.000000 
0.000000 
0.999973 
0.000000 
0.000000 
0.000000 
0.000000 
0.000000 
0.000000 
0.000000 
0.000000 
0.000000 
1.000000 
0.005818 
0.000000 
0.000000 
0.000000 
0.000000 
0.000000 
0.000000 
0.000000 
0.000000 
0.000007 
1.000000 
0.000000 
0.000000 
1.000000 
0.000003 
0.000001 
0.000000 
0.000000 
0.000000 
0.000000 
0.000000 
0.000000 
0.000000 
0.000000 
0.000000 
0.000000 
1.000000 
1.000000 
0.000000 
0.000000 
0.000000 
0.000000 
0.000000 
0.000000 
0.000000 
0.000000 
0.000000 
0.000574 
0.885368 
0.000000 
0.000000 
0.000000 
0.000000 
0.000000 
0.000000 
0.000000 
0.000000 
0.000000 
0.013237 
0.000000 
0.000000 
0.000000 
0.031144 
0.000000 
0.000000 
0.000000 
0.000000 
0.000000 
1.000000 
0.000000 
0.000000 
0.986717 
1.000000 
1.000000 
0.000000 
0.000000 
0.000000 
0.000000 
0.000000 
1.000000 
0.000000 
0.000000 
0.000000 
0.000000 
0.000000 
0.000000 
0.000000 
0.000000 
0.000000 
0.000000 
1.000000 
0.000000 
0.000018 
1.000000 
0.000000 
1.000000 
0.000000 
0.999641 
1.000000 
0.000000 
0.000000 
0.000000 
0.010021 
0.000000 
0.000000 
0.000000 
0.000000 
0.065940 
0.000000 
0.000000 
0.999999 
0.000000 
0.000000 
0.000000 
0.000000 
0.000000 
0.000000 
0.000000 
0.130968 
0.000000 
0.000000 
0.000000 
0.000000 
0.000000 
1.000000 
0.000000 
0.000000 
0.000000 
0.000000 
0.000000 
0.000066 
0.000000 
0.000556 
0.001112 
0.000023 
0.000000 
0.000000 
0.000000 
0.000000 
0.000000 
0.000000 
0.000003 
0.999995 
0.000000 
0.000000 
0.000000 
0.000000 
0.000000 
1.000000 
0.000000 
1.000000 
0.000000 
0.000000 
0.000649 
0.000000 
1.000000 
0.000000 
0.000000 
0.000536 
0.000022 
0.000000 
0.000000 
0.000000 
0.000000 
0.000000 
0.000000 
0.000000 
0.000000 
0.000000 
0.000000 
0.000000 
0.000000 
0.000000 
0.000000 
0.000000 
0.000000 
0.000000 
0.000000 
0.000000 
0.000000 
0.000000 
0.000000 
0.000000 
0.000000 
0.000000 
0.000000 
0.984098 
0.000000 
0.000000 
0.000000 
0.000000 
0.000000 
0.000000 
0.000000 
0.000000 
0.011344 
0.000000 
0.000000 
0.999696 
0.000000 
0.000000 
0.000000 
0.000000 
0.000000 
0.000000 
0.000000 
1.000000 
0.000000 
0.000000 
0.000000 
0.000000 
0.000000 
0.000000 
0.000000 
0.000000 
0.000000 
0.000000 
0.000000 
0.000000 
0.000000 
0.000000 
0.000000 
1.000000 
0.000000 
0.000000 
0.000000 
0.000000 
0.000000 
0.000000 
0.000000 
0.000000 
0.000000 
0.000000 
0.000000 
0.017433 
0.000000 
0.000000 
1.000000 
0.000000 
0.000000 
0.000000 
0.000000 
0.000000 
0.000000 
0.000000 
0.000000 
0.000000 
1.000000 
0.000000 
0.000000 
0.000000 
0.000000 
0.000000 
0.000000 
0.000000 
0.095037 
0.954190 
0.000000 
0.000000 
0.000000 
0.999985 
0.000000 
